((("Render" .
   [1 0 0 0 0 0])
  ("for" .
   [1 0 0])
  ("printf" .
   [2 0 0 0 0 0])
  ("ip_dst" .
   [1 0 0 0 0 0])
  ("ip_src" .
   [1 0 0 0 0 0])
  ("ip_sum" .
   [1 0 0 0 0 0])
  ("ip_ttl" .
   [1 0 0 0 0 0])
  ("ip_off" .
   [1 0 0 0 0 0])
  ("ip_id" .
   [0 0 0 1 0])
  ("p" .
   [1])
  ("ip_len" .
   [1 0 0 0 0 0])
  ("pkt_hdr_ip" .
   [7 0 0 0 0 0 0 0 0 0])
  ("set-face-attribute" .
   [0 0 0 0 0 0 0 0 1 0 0 1 0 0 0 0 0 0])
  ("mode" .
   [1 0 0 0])
  ("nil" .
   [1 0 0])
  ("font-face-main" .
   [0 0 0 0 0 0 0 0 0 1 0 0 0 0])
  ("b" .
   [4])
  ("setq" .
   [2 0 0 0])
  ("include" .
   [1 0 0 0 0 0 0])
  ("ARP" .
   [4 0 0])
  ("request" .
   [4 0 0 0 0 0 1])
  ("queue" .
   [1 0 0 0 0])
  ("requests" .
   [4 0 0 0 0 0 0 0])
  ("sent" .
   [3 0 0 0])
  ("second" .
   [1 0 0 0 0 0])
  ("s" .
   [2])
  ("been" .
   [1 0 0 0])
  ("send" .
   [1 0 0 0])
  ("all" .
   [1 0 0])
  ("packet" .
   [2 0 0 0 0 0])
  ("that" .
   [1 0 0 0])
  ("waiting" .
   [1 0 0 0 0 0 0])
  ("reply" .
   [1 0 0 0 0])
  ("this" .
   [2 0 0 0])
  ("time_t" .
   [2 0 0 0 0 0])
  ("time" .
   [3 0 0 0])
  ("c" .
   [1])
  ("struct" .
   [3 0 0 0 0 0])
  ("while" .
   [1 0 0 0 0])
  ("sr_arpreq" .
   [2 0 0 0 0 0 0 0 0])
  ("sr" .
   [2 0])
  ("cache" .
   [2 0 0 0 0])
  ("requests_head" .
   [3 0 0 0 0 0 0 0 0 0 0 0 0])
  ("NULL" .
   [1 0 0 0])
  ("requests_curr" .
   [2 0 0 0 0 0 0 0 0 0 0 0 0])
  ("request_curr" .
   [7 0 0 0 0 0 0 0 0 0 0 0])
  ("times_sent" .
   [3 0 0 0 0 0 0 0 0 0])
  ("define" .
   [1 0 0 0 0 0])
  ("MAX_SEND_TIMES" .
   [0 0 0 0 1 0 0 0 1 0 0 0 0 0])
  ("else" .
   [2 0 0 0])
  ("time_curr" .
   [5 0 0 0 0 0 0 0 0])
  ("REQ_TIME_INTERVAL" .
   [0 0 0 0 0 0 0 0 1 1 0 0 0 0 0 0 0])
  ("next" .
   [1 0 0 0])
  ("return" .
   [1 0 0 0 0 0])
  ("times" .
   [1 0 0 0 0])
  ("current" .
   [1 0 0 0 0 0 0])
  ("handle_arpreq" .
   [1 0 0 0 0 0 0 0 0 0 0 0 0])
  ("a" .
   [1])
  ("req" .
   [2 0 0])
  ("req_curr" .
   [1 0 0 0 0 0 0 0])))
